#BVGraph properties
#Sun Dec 17 15:06:55 CET 2023
bitsforreferences=13861
avgbitsforintervals=1
graphclass=it.unimi.dsi.webgraph.BVGraph
avgdist=0.038
successoravggap=2611.245
residualexpstats=69,162,317,646,1326,2516,4843,9074,15685,23864,27798,19137,6567,4296,3760
arcs=120238
minintervallength=4
bitsforoutdegrees=88826
residualavgloggap=9.993477005148195
avgbitsforoutdegrees=6.651
bitsforresiduals=1782588
successoravgloggap=9.993165201745626
maxrefcount=3
successorexpstats=69,162,317,646,1326,2517,4848,9086,15704,23921,27880,19136,6568,4292,3766
residualarcs=120060
avgbitsforresiduals=133.467
avgbitsforblocks=0.113
windowsize=7
residualavggap=2612.775
copiedarcs=178
avgbitsforreferences=1.038
version=0
compratio=1.319
bitsperlink=15.803
compressionflags=
nodes=13356
avgref=0.014
zetak=3
bitsforintervals=13355
intervalisedarcs=0
bitspernode=142.268
bitsforblocks=1505
