#BVGraph properties
#Sun Dec 17 15:06:50 CET 2023
bitsforreferences=16349
avgbitsforintervals=1
graphclass=it.unimi.dsi.webgraph.BVGraph
avgdist=0.037
successoravggap=2581.951
residualexpstats=137,255,476,900,1849,3724,7071,13061,23004,34347,39557,27386,8664,4426,6128
arcs=171206
minintervallength=4
bitsforoutdegrees=111923
residualavgloggap=9.951755589279596
avgbitsforoutdegrees=7.1
bitsforresiduals=2526784
successoravgloggap=9.951488176375818
maxrefcount=3
successorexpstats=137,255,476,900,1849,3724,7079,13078,23019,34434,39662,27366,8666,4424,6137
residualarcs=170985
avgbitsforresiduals=160.298
avgbitsforblocks=0.125
windowsize=7
residualavggap=2583.035
copiedarcs=221
avgbitsforreferences=1.037
version=0
compratio=1.307
bitsperlink=15.612
compressionflags=
nodes=15763
avgref=0.014
zetak=3
bitsforintervals=15763
intervalisedarcs=0
bitspernode=169.561
bitsforblocks=1966
