#BVGraph properties
#Sun Dec 17 15:06:52 CET 2023
bitsforreferences=323035
avgbitsforintervals=0.99
graphclass=it.unimi.dsi.webgraph.BVGraph
avgdist=0.002
successoravggap=100965.816
residualexpstats=30,45,90,189,367,748,1354,2681,5674,11140,21918,43205,81637,147472,242263,325196,304064,169257,117676,21979
arcs=1497134
minintervallength=4
bitsforoutdegrees=1634835
residualavgloggap=15.493397154477876
avgbitsforoutdegrees=5.019
bitsforresiduals=33312801
successoravgloggap=15.493304747566517
maxrefcount=3
successorexpstats=30,45,90,189,367,748,1354,2682,5674,11140,21921,43207,81656,147499,242303,325223,304093,169259,117675,21979
residualarcs=1496985
avgbitsforresiduals=102.272
avgbitsforblocks=0.004
windowsize=7
residualavggap=100972.111
copiedarcs=149
avgbitsforreferences=0.992
version=0
compratio=1.354
bitsperlink=23.775
compressionflags=
nodes=325729
avgref=0
zetak=3
bitsforintervals=322435
intervalisedarcs=0
bitspernode=109.276
bitsforblocks=1280
