#BVGraph properties
#Sun Dec 17 15:06:54 CET 2023
bitsforreferences=283214
avgbitsforintervals=1
graphclass=it.unimi.dsi.webgraph.BVGraph
avgdist=0.005
successoravggap=57327.514
residualexpstats=78,153,269,581,1112,2191,4321,8553,17457,34054,66144,127313,229497,376255,512580,481217,242031,90603,112963,4741
arcs=2312497
minintervallength=4
bitsforoutdegrees=1815374
residualavgloggap=14.506398929413388
avgbitsforoutdegrees=6.44
bitsforresiduals=48369320
successoravgloggap=14.50624334508095
maxrefcount=3
successorexpstats=78,153,269,581,1112,2191,4321,8554,17458,34064,66155,127328,229575,376362,512686,481300,242010,90593,112964,4743
residualarcs=2312113
avgbitsforresiduals=171.581
avgbitsforblocks=0.014
windowsize=7
residualavggap=57334.231
copiedarcs=384
avgbitsforreferences=1.005
version=0
compratio=1.329
bitsperlink=21.948
compressionflags=
nodes=281904
avgref=0.001
zetak=3
bitsforintervals=281816
intervalisedarcs=0
bitspernode=180.039
bitsforblocks=3895
