#BVGraph properties
#Sun Dec 17 14:56:33 CET 2023
bitsforreferences=19719
avgbitsforintervals=4.902
graphclass=it.unimi.dsi.webgraph.BVGraph
avgdist=0.476
successoravggap=1515.436
residualexpstats=35151,10384,5266,580,747,956,1362,2170,3685,5337,6933,7263,5784,3046,1763
arcs=120238
minintervallength=4
bitsforoutdegrees=89690
residualavgloggap=5.360341869496589
avgbitsforoutdegrees=6.715
bitsforresiduals=785017
successoravgloggap=4.933557568681145
maxrefcount=3
successorexpstats=54700,12485,4913,754,922,1201,1721,2732,4540,6683,8695,8750,6652,3382,2108
residualarcs=90427
avgbitsforresiduals=58.776
avgbitsforblocks=2.566
windowsize=7
residualavggap=1719.143
copiedarcs=15394
avgbitsforreferences=1.476
version=0
compratio=0.69
bitsperlink=8.268
compressionflags=
nodes=13356
avgref=0.317
zetak=3
bitsforintervals=65474
intervalisedarcs=14417
bitspernode=74.436
bitsforblocks=34268
