#BVGraph properties
#Sun Dec 17 20:53:01 CET 2023
bitsforreferences=46538
avgbitsforintervals=3.656
graphclass=it.unimi.dsi.webgraph.BVGraph
avgdist=2.163
successoravggap=1735.160
residualexpstats=8628,8408,6708,4242,5282,3844,3673,1965,2342,1489,989,1337,2163,4513,3866
arcs=171206
minintervallength=4
bitsforoutdegrees=93005
residualavgloggap=5.848397840727721
avgbitsforoutdegrees=5.9
bitsforresiduals=550273
successoravgloggap=4.158673188244737
maxrefcount=3
successorexpstats=69379,16469,10261,14287,14737,8633,5356,2319,4152,3091,1718,2386,3817,8223,6372
residualarcs=59557
avgbitsforresiduals=34.909
avgbitsforblocks=7.822
windowsize=7
residualavggap=2902.758
copiedarcs=75585
avgbitsforreferences=2.952
version=0
compratio=0.426
bitsperlink=5.086
compressionflags=
nodes=15763
avgref=1.659
zetak=3
bitsforintervals=57628
intervalisedarcs=36064
bitspernode=55.24
bitsforblocks=123300
