#BVGraph properties
#Sat Dec 16 15:20:21 CET 2023
bitsforreferences=442730
avgbitsforintervals=2.786
graphclass=it.unimi.dsi.webgraph.BVGraph
avgdist=0.936
successoravggap=23562.789
residualexpstats=45883,38337,15110,14744,11862,10117,10437,9372,8192,7139,12639,13438,11560,9568,20768,37293,27204,8399,6214,1212
arcs=1497134
minintervallength=4
bitsforoutdegrees=964753
residualavgloggap=8.723156124858336
avgbitsforoutdegrees=2.962
bitsforresiduals=4253082
successoravgloggap=5.061827511427012
maxrefcount=3
successorexpstats=908456,64248,25030,27963,24402,19113,15660,17270,10873,9803,26404,9243,16249,22646,51699,106586,68847,36658,31427,2439
residualarcs=326095
avgbitsforresiduals=13.057
avgbitsforblocks=2.179
windowsize=7
residualavggap=32324.768
copiedarcs=724084
avgbitsforreferences=1.359
version=0
compratio=0.277
bitsperlink=4.861
compressionflags=
nodes=325729
avgref=0.753
zetak=3
bitsforintervals=907642
intervalisedarcs=446955
bitspernode=22.343
bitsforblocks=709670
