#BVGraph properties
#Sat Dec 16 15:20:20 CET 2023
bitsforreferences=32887
avgbitsforintervals=0.778
graphclass=it.unimi.dsi.webgraph.BVGraph
avgdist=0.009
successoravggap=8596.844
residualexpstats=22,64,109,246,488,948,1799,3446,6295,11023,17413,23164,24423,18947,11548,5318,444
arcs=125826
minintervallength=4
bitsforoutdegrees=153089
residualavgloggap=11.796110924168568
avgbitsforoutdegrees=3.665
bitsforresiduals=2172140
successoravgloggap=11.795085523752586
maxrefcount=3
successorexpstats=22,64,110,246,488,948,1802,3449,6308,11045,17440,23185,24456,18952,11551,5316,444
residualarcs=125697
avgbitsforresiduals=51.999
avgbitsforblocks=0.02
windowsize=7
residualavggap=8602.737
copiedarcs=129
avgbitsforreferences=0.787
version=0
compratio=1.25
bitsperlink=19.006
compressionflags=
nodes=41773
avgref=0.003
zetak=3
bitsforintervals=32491
intervalisedarcs=0
bitspernode=57.249
bitsforblocks=841
