#BVGraph properties
#Sat Dec 16 15:20:24 CET 2023
bitsforreferences=430487
avgbitsforintervals=0.97
graphclass=it.unimi.dsi.webgraph.BVGraph
avgdist=0.528
successoravggap=44574.921
residualexpstats=65,162,422,2556,2213,3119,8120,15335,35856,70514,143431,231354,332125,383443,351551,249174,155310,97934,82647,2746
arcs=2312497
minintervallength=4
bitsforoutdegrees=1567658
residualavgloggap=13.688708559411998
avgbitsforoutdegrees=5.561
bitsforresiduals=42948456
successoravgloggap=13.675425075464348
maxrefcount=3
successorexpstats=78,168,461,2613,2300,3301,8535,16141,37729,74220,155139,248776,349067,427802,368460,263795,160731,103103,87311,2767
residualarcs=2168077
avgbitsforresiduals=152.351
avgbitsforblocks=1.585
windowsize=7
residualavggap=45118.849
copiedarcs=144420
avgbitsforreferences=1.527
version=0
compratio=1.196
bitsperlink=19.748
compressionflags=
nodes=281904
avgref=0.203
zetak=3
bitsforintervals=273433
intervalisedarcs=0
bitspernode=161.994
bitsforblocks=446721
